Taxi 0.0 229.989363 18.56 267.787587
Taxi 0.0 212.692644 24.96 241.521417
Taxi 92.16 549.0283290000001 240.64 680.359179
Taxi 213.12 593.2320390000001 374.4 680.359179
Taxi 273.28 534.293532 409.6 673.9530120000001
Taxi 295.68 450.36981599999996 408.32 550.30929
Taxi 304.64 483.042153 425.6 584.2632689999999
Taxi 309.76 274.193754 360.96 325.445133
Taxi 321.92 411.290631 413.44 502.902156
Taxi 328.32 169.129074 357.12 185.144832
Taxi 329.6 369.00870299999997 416.0 442.68200700000006
Taxi 336.0 267.787587 387.2 297.897321
Taxi 338.56 256.256214 380.8 283.803345
Taxi 345.6 241.521417 383.36 271.63115100000005
Taxi 355.84 321.60088799999994 429.44 372.852267
Taxi 374.4 346.586097 444.8 424.10364599999997
Taxi 389.76 216.536208 425.6 240.239775
Taxi 418.56 166.56647099999998 456.96 185.144832
Taxi 430.72 476.635986 551.68 560.559702
Taxi 438.4 401.68103999999994 531.84 466.38557399999996
Taxi 443.52 216.536208 476.8 240.239775
Taxi 444.8 333.773082 504.32 391.43062799999996
Taxi 446.72 166.56647099999998 488.32 187.70743499999998
Taxi 449.28 195.39524399999996 469.76 211.411002
Taxi 455.68 352.9922639999999 531.84 397.83747600000004
Taxi 459.52 203.723193 485.76 220.379772
Taxi 464.0 572.091075 609.92 680.359179
Taxi 464.64 372.852267 533.12 429.22885199999996
Taxi 466.56 248.568405 515.2 281.24074199999995
Taxi 471.04 188.988396 487.04 197.957847
Taxi 490.88 169.129074 519.68 190.270038
Taxi 493.44 269.068548 551.68 306.225951
Taxi 506.88 199.238808 529.28 221.661414
Taxi 509.44 304.304169 574.72 360.03925200000003
Taxi 517.12 335.054724 588.16 390.14966699999997
Taxi 522.24 211.411002 556.8 245.36498100000003
Taxi 547.2 380.540076 641.92 455.49502199999995
Taxi 555.52 422.822004 640.64 521.480517
Taxi 556.8 225.504978 590.72 250.49018700000002
Taxi 584.32 232.55196600000002 627.2 274.193754
Taxi 609.28 340.17993 690.56 395.27487299999996
Taxi 611.84 247.927584 660.48 287.646909
Taxi 611.84 531.730929 757.12 634.233006
Taxi 627.2 581.7006660000001 784.64 680.359179
Taxi 632.96 366.4461 714.24 417.69679799999994
Taxi 641.92 313.91376 709.12 360.03925200000003
Taxi 685.44 288.928551 743.04 326.726094
Taxi 709.12 342.742533 770.56 379.258434
Taxi 725.76 358.75829099999993 801.92 409.368849
Taxi 732.16 496.49598899999995 866.56 602.84163
Taxi 766.72 550.30929 931.84 680.359179
Taxi 779.52 440.119404 884.48 545.184084
